1
0
1
6
0
0,0,0,0,0,0,1,0,1,0,0,0,0,0,0,0,0,0,0,0,0,0,1,6,1,0,0,0,0,0,0,0,0,0,0,0,0,0,1,3,1,0,0,0,0,0,0,0,0,0,1,0,1,6,1,0,1,3,0,0,0,0,0,0,0,0,1,0,1,3,1,0,1,0,0,0,0,0,0,0,0,0,0,0,0,0,1,4,1,0,0,0,0,0,0,0,0,0,0,0,0,0,0,0,0,0,0,0,0,0,0,0,0,0,0,0,0,0,0,0,0,0,0,0,0,0,0,0,
0
0,0,0,0,0,0,1,0,1,0,0,0,0,0,0,0,0,0,0,0,0,0,1,0,1,0,0,0,0,0,0,0,0,0,0,0,0,0,1,0,1,0,0,0,0,0,0,0,0,0,0,0,1,4,1,0,1,3,1,4,0,0,0,0,0,0,0,0,1,3,1,0,1,0,1,3,0,0,0,0,0,0,0,0,1,6,1,0,1,0,1,6,0,0,0,0,0,0,0,0,0,0,0,0,0,0,0,0,0,0,0,0,0,0,0,0,0,0,0,0,0,0,0,0,0,0,0,0,
0
0,0,0,0,0,0,1,0,1,0,1,0,0,0,0,0,0,0,0,0,0,0,1,0,1,3,1,0,0,0,0,0,0,0,1,0,1,0,1,0,1,0,1,4,0,0,0,0,0,0,1,0,1,6,1,4,1,0,1,0,0,0,0,0,0,0,1,0,0,0,1,0,1,3,1,0,0,0,0,0,0,0,1,0,0,0,0,0,1,6,1,0,0,0,0,0,0,0,1,0,1,3,1,0,1,0,1,0,0,0,0,0,0,0,0,0,0,0,0,0,0,0,0,0,0,0,0,0,
0
0,0,0,0,0,0,1,0,1,0,0,0,0,0,0,0,0,0,1,0,1,0,1,6,1,0,0,0,0,0,0,0,0,0,1,0,1,3,1,0,1,0,0,0,0,0,0,0,0,0,1,0,1,0,0,0,0,0,0,0,0,0,0,0,0,0,1,3,1,0,1,4,1,0,1,0,1,0,0,0,0,0,1,0,1,0,1,5,1,3,1,0,1,0,0,0,0,0,1,0,1,0,1,0,1,4,1,0,1,0,0,0,0,0,0,0,0,0,0,0,0,0,0,0,0,0,0,0,
0
0,0,0,0,1,0,1,0,1,0,0,0,0,0,0,0,0,0,0,0,1,0,1,0,0,0,0,0,0,0,0,0,0,0,0,0,1,0,1,0,1,4,1,4,0,0,0,0,0,0,0,0,1,0,1,3,1,0,1,0,0,0,0,0,0,0,0,0,1,0,1,5,1,3,1,0,0,0,0,0,0,0,0,0,1,3,1,0,1,0,1,0,0,0,0,0,0,0,0,0,1,0,1,0,0,0,0,0,0,0,0,0,0,0,0,0,0,0,0,0,0,0,0,0,0,0,0,0,
0
0,0,0,0,0,0,1,0,1,0,0,0,0,0,0,0,1,0,1,0,1,0,1,3,1,0,1,0,1,4,1,0,1,0,0,0,0,0,1,0,1,3,0,0,0,0,1,0,1,6,0,0,0,0,1,6,1,6,0,0,0,0,1,6,1,0,0,0,0,0,1,3,1,0,0,0,0,0,1,0,1,0,1,0,1,4,1,0,1,0,1,0,1,0,1,0,0,0,0,0,0,0,1,0,1,0,0,0,0,0,0,0,0,0,0,0,0,0,0,0,0,0,0,0,0,0,0,0,
2
7
0
0,0,0,0,0,0,0,0,0,0,0,0,0,0,0,0,0,0,0,0,0,0,1,0,1,5,1,0,1,0,1,0,0,0,0,0,0,0,1,0,1,3,1,0,1,0,1,0,0,0,1,0,1,4,1,0,1,3,1,0,1,0,1,0,0,0,1,0,1,0,1,0,1,0,1,0,1,0,1,0,0,0,0,0,0,0,0,0,1,0,1,3,1,0,1,0,0,0,0,0,0,0,0,0,1,6,1,0,0,0,0,0,0,0,0,0,0,0,0,0,0,0,0,0,0,0,0,0,
0
0,0,0,0,0,0,0,0,0,0,0,0,0,0,0,0,0,0,0,0,0,0,1,4,1,0,0,0,0,0,0,0,0,0,0,0,0,0,1,6,1,0,0,0,0,0,1,0,0,0,0,0,0,0,1,0,1,0,1,0,1,3,1,0,0,0,0,0,0,0,1,0,1,3,1,3,1,0,1,0,0,0,0,0,0,0,1,6,1,0,0,0,0,0,1,0,0,0,0,0,0,0,1,0,1,4,0,0,0,0,0,0,0,0,0,0,0,0,0,0,0,0,0,0,0,0,0,0,
0
0,0,0,0,0,0,0,0,0,0,0,0,0,0,0,0,0,0,0,0,0,0,0,0,0,0,0,0,0,0,0,0,0,0,1,6,1,0,1,0,1,3,1,0,1,0,0,0,0,0,1,4,1,0,1,0,1,0,1,0,1,0,1,0,0,0,1,0,1,0,1,3,1,0,1,3,1,0,1,0,0,0,1,0,1,0,1,0,1,5,1,0,1,0,0,0,0,0,0,0,0,0,0,0,0,0,0,0,0,0,0,0,0,0,0,0,0,0,0,0,0,0,0,0,0,0,0,0,
0
0,0,0,0,0,0,0,0,0,0,0,0,0,0,0,0,0,0,1,0,1,0,1,0,1,0,1,0,1,0,0,0,0,0,1,0,1,5,1,0,1,3,1,0,1,0,0,0,0,0,1,0,1,0,1,0,1,0,1,0,1,0,1,0,0,0,1,0,1,0,1,4,1,4,1,0,1,0,1,0,0,0,1,0,1,3,1,0,1,3,1,0,1,6,0,0,0,0,1,0,1,0,1,0,1,0,1,0,1,0,0,0,0,0,0,0,0,0,0,0,0,0,0,0,0,0,0,0,
0
0,0,0,0,0,0,0,0,0,0,0,0,0,0,0,0,0,0,1,0,1,0,1,0,1,0,1,0,1,0,0,0,0,0,1,0,1,0,1,0,1,6,1,3,1,0,0,0,0,0,1,0,1,4,0,0,0,0,1,0,1,0,1,0,0,0,1,0,1,4,0,0,0,0,1,0,1,0,1,0,0,0,1,0,1,0,1,6,1,0,1,3,1,0,0,0,0,0,1,0,1,3,1,0,1,0,1,0,1,0,0,0,0,0,0,0,0,0,0,0,0,0,0,0,0,0,0,0,
0
0,0,0,0,0,0,0,0,0,0,0,0,0,0,0,0,0,0,0,0,1,0,1,4,1,0,1,0,1,0,0,0,0,0,0,0,1,0,1,0,1,6,1,0,1,3,0,0,0,0,0,0,0,0,0,0,0,0,1,3,1,0,1,3,0,0,0,0,0,0,0,0,0,0,1,0,1,6,1,0,0,0,0,0,0,0,0,0,0,0,0,0,0,0,0,0,0,0,0,0,0,0,0,0,0,0,0,0,0,0,0,0,0,0,0,0,0,0,0,0,0,0,0,0,0,0,0,0,
0
0,0,0,0,0,0,0,0,0,0,0,0,0,0,0,0,0,0,0,0,0,0,0,0,0,0,0,0,0,0,0,0,0,0,0,0,0,0,0,0,0,0,0,0,0,0,0,0,0,0,1,4,1,4,0,0,0,0,1,0,1,0,1,0,0,0,1,0,1,0,0,0,0,0,1,0,1,3,1,0,0,0,1,0,1,0,1,0,1,3,1,0,1,0,0,0,0,0,1,6,1,3,1,0,1,0,1,0,1,6,0,0,0,0,0,0,0,0,0,0,0,0,0,0,0,0,0,0,
3
6
0
0,0,0,0,1,0,1,0,1,0,1,0,0,0,0,0,0,0,0,0,1,0,1,0,1,0,1,0,0,0,0,0,0,0,0,0,1,0,1,0,1,0,1,0,1,0,1,0,0,0,0,0,1,3,1,0,1,3,1,0,1,0,1,0,0,0,0,0,1,0,1,5,1,0,1,3,1,0,1,0,0,0,0,0,1,0,1,0,1,0,1,0,1,0,1,0,0,0,0,0,0,0,0,0,0,0,0,0,0,0,0,0,0,0,0,0,0,0,0,0,0,0,0,0,0,0,0,0,
0
0,0,0,0,0,0,1,0,1,0,0,0,0,0,0,0,0,0,0,0,0,0,1,6,1,0,0,0,0,0,0,0,0,0,0,0,0,0,1,0,1,0,0,0,0,0,0,0,0,0,0,0,0,0,1,3,1,3,1,0,1,0,1,0,0,0,0,0,0,0,1,0,1,0,1,3,1,6,1,0,0,0,0,0,0,0,0,0,0,0,0,0,0,0,0,0,0,0,0,0,0,0,0,0,0,0,0,0,0,0,0,0,0,0,0,0,0,0,0,0,0,0,0,0,0,0,0,0,
0
0,0,0,0,0,0,1,3,1,0,0,0,0,0,0,0,0,0,0,0,0,0,1,0,1,0,1,3,1,6,0,0,0,0,0,0,0,0,1,6,1,0,1,0,1,0,0,0,0,0,0,0,0,0,0,0,0,0,1,0,1,0,1,0,0,0,0,0,0,0,0,0,0,0,1,6,1,3,1,0,0,0,0,0,0,0,0,0,0,0,0,0,0,0,0,0,0,0,0,0,0,0,0,0,0,0,0,0,0,0,0,0,0,0,0,0,0,0,0,0,0,0,0,0,0,0,0,0,
0
0,0,0,0,0,0,1,0,1,0,0,0,0,0,0,0,0,0,1,0,1,0,1,0,1,3,0,0,0,0,0,0,0,0,1,0,1,0,1,0,0,0,0,0,0,0,0,0,0,0,1,0,1,0,0,0,0,0,0,0,1,0,1,0,0,0,1,0,1,3,0,0,0,0,1,0,1,0,1,0,0,0,1,0,1,5,1,0,1,3,1,0,1,0,0,0,0,0,1,0,1,0,1,0,1,0,1,0,1,0,0,0,0,0,0,0,0,0,0,0,0,0,0,0,0,0,0,0,
0
0,0,0,0,0,0,1,0,1,0,0,0,0,0,0,0,0,0,0,0,0,0,1,0,1,0,0,0,0,0,0,0,0,0,0,0,0,0,1,0,1,3,0,0,0,0,0,0,0,0,1,0,1,5,1,0,1,0,1,0,1,0,1,0,0,0,1,0,1,3,1,0,1,0,1,3,1,0,1,0,0,0,1,0,1,0,0,0,0,0,0,0,0,0,0,0,0,0,1,0,1,0,0,0,0,0,0,0,0,0,0,0,0,0,0,0,0,0,0,0,0,0,0,0,0,0,0,0,
0
0,0,1,0,1,0,1,0,1,0,1,0,0,0,0,0,0,0,0,0,0,0,0,0,1,0,1,0,0,0,0,0,0,0,1,3,1,0,1,0,1,0,1,0,1,3,1,0,0,0,1,0,0,0,0,0,1,0,1,0,1,0,1,0,0,0,1,6,0,0,0,0,0,0,1,0,0,0,0,0,0,0,1,0,1,4,0,0,0,0,1,6,0,0,0,0,0,0,1,0,1,0,1,0,1,0,1,3,0,0,0,0,0,0,0,0,0,0,0,0,0,0,0,0,0,0,0,0,
4
6
0
0,0,0,0,0,0,0,0,0,0,0,0,0,0,0,0,0,0,0,0,0,0,0,0,0,0,0,0,0,0,0,0,0,0,0,0,1,0,1,0,1,0,1,6,0,0,0,0,0,0,0,0,1,0,1,4,1,4,1,0,0,0,0,0,0,0,0,0,1,0,1,3,1,0,1,3,0,0,0,0,0,0,0,0,1,6,1,0,1,0,1,0,0,0,0,0,0,0,1,0,1,0,1,3,1,0,1,0,1,0,0,0,0,0,1,0,1,0,1,0,1,0,1,0,1,0,0,0,
0
0,0,0,0,0,0,0,0,0,0,0,0,0,0,0,0,0,0,0,0,0,0,0,0,0,0,0,0,0,0,0,0,0,0,0,0,1,0,1,0,1,0,1,0,0,0,0,0,0,0,0,0,1,3,1,4,0,0,1,6,0,0,0,0,0,0,0,0,1,0,1,0,1,4,1,0,0,0,0,0,0,0,0,0,1,6,0,0,1,0,1,3,0,0,0,0,0,0,0,0,1,0,1,3,1,0,1,0,0,0,0,0,0,0,0,0,1,0,1,0,1,0,1,0,0,0,0,0,
0
0,0,0,0,0,0,0,0,0,0,0,0,0,0,0,0,0,0,0,0,1,0,1,0,1,0,1,4,0,0,0,0,0,0,0,0,1,0,1,0,1,0,1,3,0,0,0,0,0,0,0,0,1,3,1,0,1,0,1,3,0,0,0,0,0,0,0,0,1,0,1,0,1,5,1,0,0,0,0,0,0,0,0,0,1,0,1,3,1,0,1,0,0,0,0,0,0,0,0,0,0,0,1,0,1,0,0,0,0,0,0,0,0,0,0,0,0,0,1,0,1,0,0,0,0,0,0,0,
0
0,0,0,0,0,0,0,0,0,0,0,0,0,0,0,0,0,0,0,0,1,0,1,4,1,4,1,0,0,0,0,0,1,0,1,0,1,0,1,0,1,3,1,0,1,0,1,0,0,0,1,0,1,6,0,0,0,0,1,0,1,3,0,0,0,0,1,0,1,3,0,0,0,0,1,6,1,0,0,0,1,0,1,0,1,0,1,0,1,0,1,0,1,0,1,0,0,0,0,0,1,0,1,3,1,0,1,0,0,0,0,0,0,0,0,0,0,0,1,0,1,0,0,0,0,0,0,0,
0
0,0,0,0,0,0,0,0,0,0,0,0,0,0,0,0,0,0,0,0,0,0,0,0,0,0,0,0,0,0,0,0,0,0,1,6,1,0,1,0,1,3,1,4,0,0,0,0,0,0,1,0,1,0,0,0,0,0,0,0,0,0,0,0,0,0,1,0,1,3,0,0,0,0,0,0,0,0,0,0,0,0,1,0,1,3,1,6,1,0,0,0,0,0,0,0,0,0,1,0,1,0,1,0,1,0,0,0,0,0,0,0,0,0,0,0,0,0,1,0,1,0,0,0,0,0,0,0,
0
0,0,0,0,0,0,0,0,0,0,0,0,0,0,0,0,0,0,0,0,1,4,1,4,0,0,0,0,0,0,0,0,0,0,0,0,1,0,1,0,0,0,0,0,0,0,0,0,0,0,1,0,1,0,1,5,1,3,1,0,1,0,0,0,0,0,1,0,1,3,1,0,1,0,1,3,1,0,0,0,0,0,0,0,0,0,0,0,0,0,0,0,1,0,0,0,0,0,0,0,0,0,1,0,1,0,1,0,1,0,0,0,0,0,0,0,0,0,1,0,1,0,0,0,0,0,0,0,
5
7
0
0,0,0,0,0,0,1,0,1,0,0,0,0,0,0,0,0,0,0,0,0,0,1,0,1,0,0,0,0,0,0,0,0,0,0,0,0,0,1,3,1,0,0,0,0,0,0,0,0,0,1,0,1,0,1,4,1,0,1,0,0,0,0,0,0,0,1,0,1,3,1,0,1,3,1,0,0,0,0,0,0,0,0,0,0,0,1,5,1,0,0,0,0,0,0,0,0,0,0,0,0,0,1,0,1,0,0,0,0,0,0,0,0,0,0,0,0,0,1,0,1,0,0,0,0,0,0,0,
0
0,0,0,0,1,0,1,0,1,0,1,0,0,0,0,0,0,0,0,0,1,0,1,0,1,0,1,0,0,0,0,0,0,0,1,0,1,0,1,0,1,4,1,0,1,0,0,0,0,0,1,3,1,0,0,0,0,0,1,0,1,0,0,0,0,0,1,0,1,4,0,0,0,0,1,0,1,3,0,0,0,0,1,0,1,0,1,3,1,5,1,0,1,0,0,0,0,0,0,0,1,0,1,0,1,0,1,0,0,0,0,0,0,0,0,0,1,0,1,0,1,0,1,0,0,0,0,0,
0
0,0,0,0,1,0,1,0,1,0,1,0,0,0,0,0,0,0,0,0,1,3,1,0,1,0,1,6,0,0,0,0,0,0,0,0,0,0,1,0,1,0,0,0,0,0,0,0,0,0,0,0,0,0,1,0,1,0,0,0,0,0,0,0,0,0,0,0,0,0,1,3,1,0,0,0,0,0,0,0,0,0,0,0,0,0,1,0,1,0,0,0,0,0,0,0,0,0,0,0,1,6,1,0,1,3,1,0,0,0,0,0,0,0,0,0,1,0,1,0,1,0,1,0,0,0,0,0,
0
0,0,0,0,0,0,1,0,1,0,0,0,0,0,0,0,0,0,0,0,0,0,1,6,1,0,0,0,0,0,0,0,0,0,0,0,0,0,1,0,1,0,0,0,0,0,0,0,0,0,0,0,0,0,1,0,1,3,0,0,0,0,0,0,0,0,0,0,0,0,1,3,1,0,0,0,0,0,0,0,0,0,0,0,0,0,1,6,1,0,0,0,0,0,0,0,0,0,0,0,0,0,1,0,1,3,0,0,0,0,0,0,0,0,0,0,0,0,1,0,1,0,0,0,0,0,0,0,
0
0,0,0,0,0,0,1,0,1,0,0,0,0,0,0,0,0,0,0,0,0,0,1,0,1,0,1,0,1,0,0,0,0,0,0,0,0,0,0,0,0,0,0,0,1,0,0,0,0,0,1,0,1,0,1,5,1,3,1,0,1,0,0,0,0,0,1,0,1,0,1,3,1,0,1,0,1,0,0,0,0,0,1,0,1,3,0,0,0,0,0,0,0,0,0,0,0,0,1,0,1,0,1,0,1,0,0,0,0,0,0,0,0,0,0,0,0,0,1,0,1,0,0,0,0,0,0,0,
0
0,0,1,0,1,0,1,0,1,0,1,0,0,0,0,0,0,0,1,0,0,0,0,0,1,0,1,3,0,0,0,0,0,0,1,0,0,0,0,0,1,0,1,0,0,0,0,0,0,0,1,4,0,0,0,0,1,5,1,0,1,0,0,0,0,0,1,0,0,0,0,0,1,3,1,0,1,0,0,0,0,0,1,0,0,0,0,0,1,0,1,0,0,0,0,0,0,0,1,0,0,0,0,0,1,0,1,3,0,0,0,0,0,0,1,0,1,0,1,0,1,0,1,0,0,0,0,0,
0
1,0,1,0,1,0,1,0,1,0,1,0,1,0,1,0,1,0,0,0,0,0,1,5,1,0,0,0,0,0,1,0,1,0,0,0,1,4,1,0,1,0,1,4,0,0,1,0,1,0,1,0,1,0,1,3,1,3,1,0,1,0,1,0,1,0,1,0,1,3,1,0,1,0,1,0,1,0,1,0,1,0,0,0,1,4,1,0,1,3,1,4,0,0,1,0,1,0,0,0,0,0,1,0,1,5,0,0,0,0,1,0,1,0,1,0,1,0,1,0,1,0,1,0,1,0,1,0,
6
6
0
0,0,0,0,0,0,0,0,0,0,0,0,0,0,0,0,0,0,0,0,1,0,1,4,1,0,1,0,0,0,0,0,0,0,1,0,1,0,1,0,1,0,1,0,1,0,1,0,0,0,1,0,1,0,1,5,1,3,1,0,1,0,1,0,0,0,1,0,1,0,1,0,1,0,1,0,1,0,1,0,0,0,1,0,1,3,1,0,1,0,1,3,1,0,1,0,0,0,0,0,1,0,1,0,1,0,1,0,0,0,0,0,0,0,0,0,1,0,1,0,1,0,1,0,0,0,0,0,
0
0,0,0,0,0,0,0,0,0,0,0,0,0,0,0,0,0,0,1,0,1,0,1,0,1,0,1,0,1,0,0,0,0,0,1,0,1,0,1,3,1,0,1,0,1,3,0,0,0,0,1,0,1,0,1,6,0,0,0,0,1,0,1,0,0,0,1,0,1,0,1,0,1,4,0,0,1,0,1,0,0,0,1,3,1,0,1,0,1,0,0,0,0,0,0,0,0,0,0,0,0,0,1,0,1,6,0,0,0,0,0,0,0,0,0,0,0,0,1,0,1,0,0,0,0,0,0,0,
0
0,0,0,0,0,0,0,0,0,0,0,0,0,0,0,0,0,0,0,0,0,0,0,0,0,0,0,0,0,0,0,0,0,0,0,0,0,0,0,0,0,0,0,0,0,0,0,0,0,0,1,4,1,0,1,0,1,3,1,0,1,3,1,0,0,0,1,0,1,6,1,3,1,0,1,0,1,6,1,0,0,0,0,0,0,0,1,0,1,0,0,0,0,0,0,0,0,0,0,0,0,0,1,0,1,0,0,0,0,0,0,0,0,0,0,0,0,0,1,0,1,0,0,0,0,0,0,0,
0
0,0,0,0,0,0,0,0,0,0,0,0,0,0,0,0,0,0,0,0,0,0,1,4,1,0,0,0,0,0,0,0,0,0,0,0,0,0,1,0,1,6,0,0,0,0,0,0,0,0,0,0,0,0,1,0,1,3,1,0,1,0,1,0,0,0,0,0,0,0,1,0,1,0,1,3,1,0,1,0,0,0,0,0,0,0,1,3,1,0,0,0,0,0,0,0,0,0,0,0,0,0,1,0,1,6,0,0,0,0,0,0,0,0,0,0,0,0,1,0,1,0,0,0,0,0,0,0,
0
0,0,0,0,0,0,0,0,0,0,0,0,0,0,0,0,0,0,1,0,1,4,1,0,1,0,0,0,0,0,0,0,0,0,1,0,0,0,0,0,1,3,0,0,0,0,0,0,0,0,1,0,0,0,0,0,1,0,1,0,1,0,1,0,0,0,1,3,1,6,1,0,1,0,1,0,1,6,1,0,0,0,0,0,0,0,1,0,1,3,0,0,0,0,0,0,0,0,0,0,0,0,1,0,1,0,0,0,0,0,0,0,0,0,0,0,0,0,1,0,1,0,0,0,0,0,0,0,
0
0,0,0,0,0,0,0,0,0,0,0,0,0,0,0,0,0,0,1,0,1,0,1,0,1,0,1,0,1,0,0,0,0,0,1,0,1,0,1,0,1,6,1,3,1,0,0,0,0,0,1,0,1,0,0,0,0,0,1,0,1,0,1,0,0,0,1,0,1,0,0,0,0,0,1,0,1,0,1,0,0,0,1,3,1,0,0,0,0,0,0,0,0,0,0,0,0,0,1,0,1,0,1,6,1,4,0,0,0,0,0,0,0,0,1,0,1,3,1,0,1,0,0,0,0,0,0,0,
7
6
0
0,0,0,0,1,0,1,0,1,0,1,0,0,0,0,0,0,0,0,0,1,0,1,0,1,0,1,0,0,0,0,0,0,0,0,0,1,0,1,0,1,0,1,0,1,0,1,0,0,0,0,0,1,0,1,3,1,0,1,3,1,0,1,0,0,0,0,0,1,0,1,0,1,5,1,0,1,0,1,0,0,0,0,0,1,0,1,0,1,3,1,0,1,0,1,0,0,0,0,0,1,0,1,0,1,0,1,0,0,0,0,0,0,0,0,0,1,0,1,0,1,0,1,0,0,0,0,0,
0
0,0,0,0,0,0,1,0,1,0,0,0,0,0,0,0,0,0,1,0,1,0,1,0,1,0,0,0,0,0,0,0,0,0,1,3,1,0,0,0,0,0,0,0,0,0,0,0,0,0,1,0,1,0,1,4,1,3,1,0,1,0,1,0,0,0,1,0,1,0,1,5,1,0,1,0,1,0,1,0,0,0,1,0,1,3,0,0,0,0,0,0,0,0,0,0,0,0,1,0,1,0,1,0,1,0,0,0,0,0,0,0,0,0,0,0,0,0,1,0,1,0,0,0,0,0,0,0,
0
0,0,0,0,0,0,1,0,1,0,0,0,0,0,0,0,0,0,1,0,1,0,1,0,1,0,0,0,0,0,0,0,0,0,1,0,0,0,1,0,1,0,1,3,0,0,0,0,0,0,1,4,0,0,1,0,1,5,1,0,1,0,1,0,0,0,1,0,0,0,1,3,1,0,1,0,1,0,1,0,0,0,1,0,0,0,1,0,1,0,1,3,0,0,0,0,0,0,1,0,1,0,1,0,1,0,0,0,0,0,0,0,0,0,0,0,0,0,1,0,1,0,0,0,0,0,0,0,
0
0,0,0,0,0,0,1,0,1,0,1,0,1,0,0,0,0,0,0,0,0,0,1,0,1,0,1,3,1,0,0,0,0,0,0,0,0,0,0,0,0,0,1,6,1,0,0,0,0,0,0,0,0,0,0,0,0,0,1,0,1,0,1,0,0,0,0,0,0,0,0,0,0,0,1,0,1,3,1,0,0,0,0,0,0,0,0,0,0,0,1,6,1,0,0,0,0,0,0,0,0,0,1,4,1,3,1,0,1,0,0,0,0,0,0,0,0,0,1,0,1,0,1,0,1,0,0,0,
0
0,0,0,0,0,0,1,0,1,0,0,0,0,0,0,0,0,0,1,0,1,0,1,0,1,0,1,3,1,0,0,0,0,0,1,3,1,4,0,0,0,0,1,6,1,0,0,0,0,0,1,0,0,0,0,0,0,0,0,0,1,0,1,0,0,0,1,0,0,0,0,0,0,0,0,0,1,0,1,0,0,0,1,3,1,4,0,0,0,0,1,6,1,0,0,0,0,0,1,0,1,0,1,0,1,0,1,0,1,0,0,0,0,0,0,0,0,0,1,0,1,0,0,0,0,0,0,0,
0
0,0,0,0,0,0,1,0,1,0,0,0,0,0,0,0,0,0,0,0,1,0,1,0,1,0,1,0,1,0,1,0,0,0,1,0,1,3,1,6,0,0,0,0,1,0,1,0,0,0,1,3,1,0,1,0,1,4,0,0,1,0,1,0,0,0,1,0,1,3,1,0,1,4,0,0,1,0,1,0,0,0,1,0,1,0,1,6,0,0,0,0,1,0,1,0,0,0,0,0,1,0,1,0,1,0,1,0,1,0,1,0,0,0,0,0,0,0,1,0,1,0,0,0,0,0,0,0,
8
7
0
0,0,0,0,0,0,0,0,0,0,0,0,0,0,0,0,0,0,0,0,0,0,0,0,0,0,0,0,0,0,0,0,1,0,1,0,1,0,1,3,1,0,1,0,0,0,0,0,1,0,1,0,1,3,1,5,1,0,1,0,0,0,0,0,1,0,1,0,1,0,1,0,1,0,1,0,0,0,0,0,1,0,1,3,1,0,1,0,1,0,1,0,0,0,0,0,0,0,0,0,0,0,0,0,0,0,0,0,0,0,0,0,0,0,0,0,0,0,0,0,0,0,0,0,0,0,0,0,
0
0,0,0,0,0,0,0,0,0,0,0,0,0,0,0,0,0,0,0,0,0,0,0,0,0,0,1,4,1,3,0,0,0,0,0,0,0,0,0,0,0,0,1,3,1,0,0,0,1,0,1,0,1,0,1,0,1,0,1,0,1,0,0,0,1,0,1,0,1,6,1,3,1,0,1,0,1,6,0,0,0,0,0,0,0,0,0,0,0,0,1,0,1,0,0,0,0,0,0,0,0,0,0,0,0,0,0,0,0,0,0,0,0,0,0,0,0,0,0,0,0,0,0,0,0,0,0,0,
0
0,0,0,0,0,0,0,0,0,0,0,0,0,0,0,0,0,0,0,0,1,0,1,4,0,0,0,0,0,0,0,0,0,0,0,0,1,0,1,0,0,0,0,0,0,0,0,0,1,3,1,0,1,0,1,3,1,0,1,0,1,0,0,0,1,0,1,6,1,0,1,3,1,0,1,0,1,0,0,0,0,0,0,0,0,0,0,0,0,0,1,6,1,0,0,0,0,0,0,0,0,0,0,0,0,0,1,4,1,0,0,0,0,0,0,0,0,0,0,0,0,0,0,0,0,0,0,0,
0
0,0,0,0,0,0,0,0,0,0,0,0,0,0,0,0,0,0,0,0,0,0,0,0,0,0,1,0,1,4,0,0,0,0,0,0,0,0,0,0,0,0,1,0,1,0,0,0,1,3,1,0,1,6,1,0,1,3,1,0,1,0,0,0,1,0,1,0,1,0,1,0,1,0,1,3,1,0,0,0,0,0,0,0,0,0,0,0,0,0,1,0,1,0,0,0,0,0,0,0,0,0,0,0,0,0,1,6,1,0,0,0,0,0,0,0,0,0,0,0,0,0,0,0,0,0,0,0,
0
0,0,0,0,0,0,0,0,0,0,0,0,0,0,0,0,1,0,1,0,1,0,1,0,1,3,1,0,1,0,0,0,1,0,1,6,0,0,1,0,1,0,0,0,1,4,0,0,1,0,1,0,1,0,1,3,1,0,1,0,1,0,0,0,1,0,1,0,1,0,1,3,1,0,1,0,1,0,0,0,1,0,1,6,0,0,1,0,1,0,0,0,1,4,0,0,1,0,1,0,1,0,1,0,1,0,1,0,1,0,0,0,0,0,0,0,0,0,0,0,0,0,0,0,0,0,0,0,
0
0,0,0,0,0,0,0,0,0,0,0,0,0,0,0,0,1,0,0,0,1,0,1,0,1,4,1,4,1,0,0,0,1,0,1,0,1,0,1,3,1,0,1,0,1,0,0,0,1,0,1,3,1,0,1,0,1,0,1,0,1,0,0,0,1,0,0,0,1,0,1,6,1,0,1,0,1,0,0,0,0,0,0,0,1,3,1,0,0,0,0,0,0,0,0,0,0,0,0,0,1,0,1,0,0,0,0,0,0,0,0,0,0,0,0,0,0,0,0,0,0,0,0,0,0,0,0,0,
0
0,0,0,0,0,0,0,0,0,0,0,0,0,0,0,0,1,0,0,0,0,0,1,4,1,4,1,0,1,0,0,0,1,0,0,0,0,0,1,0,1,0,1,0,1,0,0,0,1,0,0,0,0,0,0,0,0,0,1,6,1,0,0,0,1,0,1,0,0,0,0,0,0,0,1,3,1,0,0,0,1,0,1,0,1,6,1,0,1,0,1,0,1,3,0,0,1,0,1,0,1,0,1,0,1,3,1,0,1,0,0,0,0,0,0,0,0,0,0,0,0,0,0,0,0,0,0,0,
9
6
0
0,0,0,0,1,0,1,0,1,0,1,0,0,0,0,0,0,0,0,0,1,0,1,3,1,0,1,0,0,0,0,0,1,0,1,0,1,0,1,3,1,6,1,0,0,0,0,0,1,3,1,0,1,0,1,0,1,0,0,0,0,0,0,0,1,0,1,0,1,6,1,0,0,0,0,0,0,0,0,0,1,0,1,0,1,0,0,0,0,0,0,0,0,0,0,0,0,0,0,0,0,0,0,0,0,0,0,0,0,0,0,0,0,0,0,0,0,0,0,0,0,0,0,0,0,0,0,0,
0
0,0,0,0,0,0,1,0,1,0,0,0,0,0,0,0,0,0,0,0,0,0,1,3,1,0,0,0,0,0,0,0,0,0,0,0,0,0,1,0,1,0,0,0,0,0,0,0,1,0,1,3,1,0,1,5,1,0,0,0,0,0,0,0,1,0,1,0,1,3,1,0,1,0,0,0,0,0,0,0,0,0,0,0,0,0,0,0,0,0,0,0,0,0,0,0,0,0,0,0,0,0,0,0,0,0,0,0,0,0,0,0,0,0,0,0,0,0,0,0,0,0,0,0,0,0,0,0,
0
0,0,0,0,0,0,1,0,1,0,0,0,0,0,0,0,0,0,0,0,0,0,1,0,1,0,0,0,0,0,0,0,0,0,0,0,1,4,1,0,1,0,0,0,0,0,0,0,1,0,1,0,1,0,1,5,1,0,0,0,0,0,0,0,1,0,1,0,1,0,1,0,1,3,0,0,0,0,0,0,0,0,0,0,1,0,1,0,1,0,0,0,0,0,0,0,0,0,0,0,1,3,1,0,1,3,0,0,0,0,0,0,0,0,0,0,0,0,0,0,0,0,0,0,0,0,0,0,
0
0,0,0,0,0,0,1,0,1,0,0,0,0,0,0,0,0,0,0,0,0,0,1,6,1,0,0,0,0,0,0,0,0,0,0,0,0,0,1,0,1,0,0,0,0,0,0,0,1,0,1,6,1,0,1,0,1,3,1,6,1,0,0,0,1,0,1,0,1,0,1,3,1,0,1,3,1,0,0,0,0,0,0,0,0,0,0,0,0,0,1,0,1,0,0,0,0,0,0,0,0,0,0,0,0,0,1,4,1,4,0,0,0,0,0,0,0,0,0,0,0,0,0,0,0,0,0,0,
0
0,0,0,0,0,0,1,0,1,0,1,0,1,0,0,0,0,0,0,0,0,0,1,0,1,6,1,0,1,0,0,0,0,0,0,0,0,0,0,0,0,0,1,0,1,0,0,0,1,0,1,0,1,4,0,0,0,0,1,0,1,0,0,0,1,0,1,3,1,0,0,0,0,0,1,0,1,3,0,0,0,0,1,0,1,0,1,0,1,0,1,0,1,0,0,0,0,0,1,6,1,0,1,0,1,3,1,6,1,0,0,0,0,0,0,0,0,0,0,0,0,0,0,0,0,0,0,0,
0
0,0,0,0,0,0,1,0,1,0,1,0,1,4,1,4,0,0,0,0,0,0,1,0,1,0,1,0,1,5,1,0,0,0,0,0,0,0,0,0,0,0,0,0,1,0,1,0,1,0,1,0,0,0,0,0,0,0,0,0,1,0,1,0,1,0,1,0,0,0,0,0,0,0,0,0,1,0,1,3,1,0,1,0,0,0,0,0,0,0,0,0,1,0,1,0,1,0,1,5,1,0,1,0,1,0,1,0,1,0,1,0,1,0,1,0,1,0,1,3,1,0,1,3,1,0,1,0,
10
8
0
0,0,0,0,0,0,0,0,0,0,0,0,0,0,0,0,0,0,0,0,0,0,0,0,0,0,0,0,0,0,0,0,1,0,1,0,1,0,1,3,1,0,1,0,1,0,1,0,1,0,1,0,1,0,1,3,1,0,1,3,1,0,1,0,1,0,1,0,1,0,1,5,1,0,1,0,1,0,1,0,0,0,0,0,0,0,0,0,0,0,0,0,0,0,0,0,0,0,0,0,0,0,0,0,0,0,0,0,0,0,0,0,0,0,0,0,0,0,0,0,0,0,0,0,0,0,0,0,
0
0,0,0,0,0,0,0,0,0,0,0,0,0,0,0,0,0,0,0,0,0,0,0,0,0,0,0,0,0,0,0,0,0,0,0,0,0,0,1,4,1,0,0,0,0,0,0,0,1,0,1,0,1,0,1,3,1,0,1,3,1,0,1,0,1,0,1,0,1,3,1,0,1,0,1,5,1,0,1,0,0,0,0,0,0,0,0,0,0,0,0,0,0,0,0,0,0,0,0,0,0,0,0,0,0,0,0,0,0,0,0,0,0,0,0,0,0,0,0,0,0,0,0,0,0,0,0,0,
0
0,0,0,0,0,0,0,0,0,0,0,0,0,0,0,0,0,0,0,0,0,0,1,0,1,4,0,0,0,0,0,0,0,0,0,0,0,0,1,3,1,0,0,0,0,0,0,0,1,0,1,0,1,0,1,0,1,0,1,3,1,0,1,0,1,0,1,0,1,5,1,0,1,3,1,0,1,0,1,0,0,0,0,0,0,0,1,0,1,0,0,0,0,0,0,0,0,0,0,0,0,0,1,0,1,0,0,0,0,0,0,0,0,0,0,0,0,0,0,0,0,0,0,0,0,0,0,0,
0
0,0,0,0,0,0,0,0,0,0,0,0,0,0,0,0,0,0,1,0,1,3,1,0,1,0,1,0,1,4,0,0,0,0,1,0,1,0,1,5,1,3,1,0,1,0,0,0,1,0,1,0,1,0,0,0,0,0,1,0,1,0,1,0,1,0,1,0,1,3,0,0,0,0,1,0,1,0,1,0,1,0,1,0,1,0,0,0,0,0,1,0,1,0,1,0,0,0,0,0,0,0,0,0,0,0,0,0,0,0,0,0,0,0,0,0,0,0,0,0,0,0,0,0,0,0,0,0,
0
0,0,0,0,0,0,0,0,0,0,0,0,0,0,0,0,1,0,1,0,1,0,1,0,1,0,1,0,1,0,1,0,1,0,0,0,0,0,1,0,1,6,0,0,0,0,1,0,1,0,0,0,0,0,1,0,1,3,1,4,1,0,1,0,1,0,0,0,0,0,1,0,1,0,1,3,1,0,1,0,1,0,0,0,0,0,1,3,1,6,0,0,0,0,1,0,1,0,1,0,1,0,1,0,1,0,1,0,1,0,1,0,0,0,0,0,0,0,0,0,0,0,0,0,0,0,0,0,
0
0,0,0,0,0,0,0,0,0,0,0,0,0,0,0,0,0,0,1,0,1,0,0,0,0,0,1,4,1,0,0,0,0,0,1,0,1,0,0,0,0,0,1,0,1,0,0,0,1,0,1,0,1,0,1,5,1,3,1,0,1,0,1,0,1,0,1,0,1,3,1,0,1,0,1,3,1,0,1,0,0,0,1,0,1,0,0,0,0,0,1,0,1,0,0,0,0,0,1,0,1,0,1,4,1,0,1,0,1,0,0,0,0,0,1,0,1,0,1,0,1,0,1,0,1,0,0,0,
0
0,0,0,0,0,0,0,0,0,0,0,0,0,0,0,0,0,0,0,0,0,0,0,0,1,0,1,0,1,0,1,0,0,0,0,0,0,0,0,0,1,0,1,0,1,6,1,0,1,0,1,0,1,0,0,0,1,3,0,0,1,0,1,0,1,0,1,0,1,5,0,0,1,3,0,0,1,0,1,0,0,0,1,0,1,0,1,4,1,0,1,0,1,0,0,0,0,0,1,3,1,0,1,0,1,0,1,0,1,0,0,0,0,0,0,0,0,0,0,0,0,0,0,0,0,0,0,0,
0
0,0,0,0,0,0,0,0,0,0,0,0,0,0,0,0,0,0,1,0,1,0,1,0,1,0,1,0,0,0,0,0,0,0,1,0,1,3,1,5,1,3,1,0,0,0,0,0,1,0,1,0,1,0,0,0,1,0,1,0,1,0,1,0,1,0,1,0,1,0,0,0,1,0,1,3,1,0,1,0,0,0,0,0,1,0,1,4,1,0,0,0,0,0,0,0,0,0,0,0,0,0,0,0,0,0,0,0,0,0,0,0,0,0,0,0,0,0,0,0,0,0,0,0,0,0,0,0,
11
7
0
0,0,0,0,1,0,1,0,1,0,1,0,0,0,0,0,0,0,0,0,1,0,1,3,1,0,1,0,0,0,0,0,1,0,1,0,1,0,1,0,1,0,1,3,1,0,1,0,1,0,1,0,1,0,1,3,1,0,1,0,1,0,1,0,1,0,1,6,1,0,1,0,1,0,1,0,1,6,1,0,1,0,1,0,1,0,1,0,1,4,1,0,1,0,1,0,0,0,0,0,0,0,0,0,0,0,0,0,0,0,0,0,0,0,0,0,0,0,0,0,0,0,0,0,0,0,0,0,
0
0,0,0,0,0,0,1,0,1,0,0,0,0,0,0,0,0,0,0,0,0,0,1,3,1,0,0,0,0,0,0,0,0,0,0,0,0,0,1,0,1,4,0,0,0,0,0,0,1,0,1,0,1,6,1,0,1,0,1,6,1,0,1,0,1,0,1,0,1,0,1,3,1,0,1,3,1,0,1,0,0,0,0,0,0,0,0,0,0,0,0,0,0,0,0,0,0,0,0,0,0,0,0,0,0,0,0,0,0,0,0,0,0,0,0,0,0,0,0,0,0,0,0,0,0,0,0,0,
0
0,0,0,0,0,0,1,0,1,0,0,0,0,0,0,0,0,0,0,0,0,0,1,0,1,0,0,0,0,0,0,0,1,0,1,0,1,0,1,0,1,3,1,0,1,0,1,0,1,0,1,0,1,3,1,0,1,0,1,0,1,0,1,0,1,0,1,0,1,0,1,0,1,0,1,3,1,0,1,0,0,0,0,0,1,0,1,0,1,5,1,0,1,0,0,0,0,0,0,0,1,4,1,0,1,0,1,0,1,0,0,0,0,0,0,0,0,0,0,0,0,0,0,0,0,0,0,0,
0
0,0,0,0,0,0,1,0,1,0,0,0,0,0,0,0,0,0,1,4,1,4,1,0,1,0,0,0,0,0,0,0,0,0,1,0,1,0,1,3,1,0,0,0,0,0,0,0,1,0,1,0,1,0,1,0,1,0,1,0,1,0,1,0,1,0,1,0,1,0,1,5,1,0,1,0,1,0,1,0,0,0,1,3,1,0,0,0,0,0,1,3,1,0,0,0,0,0,1,0,1,0,0,0,0,0,1,0,1,0,0,0,0,0,0,0,0,0,0,0,0,0,0,0,0,0,0,0,
0
1,0,1,0,1,0,1,0,1,0,1,0,1,0,1,0,1,0,1,0,1,0,1,3,1,0,1,0,1,0,1,0,1,0,0,0,0,0,0,0,0,0,0,0,0,0,1,0,1,0,1,6,1,0,0,0,0,0,1,0,1,6,1,0,1,0,1,0,1,3,0,0,0,0,1,0,1,3,1,0,0,0,1,0,1,0,1,4,1,4,1,0,1,0,0,0,0,0,1,0,1,0,1,0,1,0,1,0,1,0,0,0,0,0,0,0,0,0,0,0,0,0,0,0,0,0,0,0,
0
0,0,0,0,0,0,1,0,1,0,0,0,0,0,0,0,0,0,0,0,0,0,1,0,1,0,0,0,0,0,0,0,0,0,0,0,0,0,1,0,1,0,0,0,0,0,0,0,1,0,0,0,0,0,1,5,1,3,0,0,0,0,1,0,1,0,0,0,0,0,1,0,1,0,0,0,0,0,1,0,1,0,1,4,1,0,1,0,1,0,1,0,1,4,1,0,1,0,1,0,1,0,1,3,1,3,1,0,1,0,1,0,0,0,0,0,0,0,0,0,0,0,0,0,0,0,0,0,
0
0,0,0,0,0,0,1,0,1,0,1,3,1,0,0,0,0,0,0,0,0,0,1,0,1,0,1,0,1,0,0,0,0,0,0,0,0,0,0,0,0,0,1,0,1,0,0,0,1,0,1,0,1,4,0,0,0,0,1,0,1,0,1,0,1,0,1,0,1,0,1,0,1,5,1,0,1,3,1,0,0,0,1,3,1,0,1,0,1,0,1,0,1,0,0,0,0,0,1,0,1,0,0,0,0,0,1,0,1,4,0,0,0,0,0,0,0,0,0,0,0,0,0,0,0,0,0,0,
12
7
0
0,0,0,0,0,0,0,0,0,0,0,0,0,0,0,0,0,0,0,0,0,0,0,0,0,0,0,0,0,0,0,0,1,0,1,0,1,4,1,4,1,3,1,3,0,0,0,0,1,0,1,0,1,0,1,0,1,0,1,0,0,0,0,0,1,0,1,0,1,3,1,5,1,0,1,0,0,0,0,0,1,0,1,0,1,0,1,0,1,0,1,0,0,0,0,0,0,0,0,0,1,0,1,0,1,0,1,0,0,0,0,0,0,0,0,0,1,0,1,0,1,0,1,0,0,0,0,0,
0
0,0,0,0,0,0,0,0,0,0,0,0,0,0,0,0,0,0,0,0,0,0,0,0,0,0,0,0,0,0,0,0,0,0,0,0,0,0,0,0,0,0,0,0,0,0,0,0,1,0,1,0,1,0,1,0,1,4,1,0,0,0,0,0,1,0,1,0,1,3,1,0,1,5,1,0,0,0,0,0,0,0,0,0,0,0,1,0,1,0,1,3,0,0,0,0,0,0,0,0,0,0,1,0,1,3,1,0,0,0,0,0,0,0,0,0,0,0,1,0,1,0,1,0,0,0,0,0,
0
0,0,0,0,0,0,0,0,0,0,0,0,0,0,0,0,0,0,0,0,1,4,1,4,0,0,0,0,0,0,0,0,0,0,0,0,1,0,1,0,0,0,0,0,0,0,0,0,1,0,1,0,1,3,1,0,1,0,0,0,0,0,0,0,1,0,1,0,1,5,1,3,1,0,0,0,0,0,0,0,0,0,0,0,0,0,1,0,1,0,0,0,0,0,0,0,0,0,0,0,0,0,1,0,1,3,0,0,0,0,0,0,0,0,0,0,0,0,1,0,1,0,0,0,0,0,0,0,
0
0,0,0,0,0,0,0,0,0,0,0,0,0,0,0,0,1,0,1,4,1,0,0,0,0,0,0,0,0,0,0,0,1,0,1,0,1,0,0,0,0,0,0,0,0,0,0,0,1,0,1,6,1,0,0,0,0,0,0,0,0,0,0,0,1,0,1,0,1,3,0,0,0,0,0,0,0,0,0,0,1,3,1,0,1,0,1,0,1,4,1,0,1,0,0,0,1,0,1,0,1,3,1,0,1,6,1,0,1,0,0,0,1,0,1,0,1,0,1,0,1,0,1,0,1,0,0,0,
0
0,0,0,0,0,0,0,0,0,0,0,0,0,0,0,0,1,0,0,0,0,0,1,4,1,4,0,0,0,0,0,0,1,0,0,0,0,0,1,0,1,0,0,0,0,0,0,0,1,0,1,0,1,3,1,0,1,0,0,0,0,0,0,0,1,0,1,6,1,0,1,0,1,3,0,0,0,0,0,0,1,0,0,0,0,0,1,0,1,0,1,6,1,0,0,0,0,0,0,0,0,0,1,0,1,3,1,0,1,0,0,0,0,0,1,0,1,0,1,0,1,0,1,0,1,0,0,0,
0
0,0,0,0,0,0,0,0,0,0,0,0,0,0,0,0,0,0,0,0,0,0,0,0,0,0,0,0,0,0,0,0,0,0,0,0,0,0,0,0,0,0,0,0,0,0,0,0,1,0,1,0,1,0,1,5,1,0,1,0,1,4,0,0,1,0,1,0,1,3,1,0,1,3,1,0,1,0,0,0,0,0,1,0,1,0,0,0,0,0,0,0,0,0,0,0,0,0,1,3,1,0,1,0,1,0,0,0,0,0,0,0,0,0,1,0,1,0,1,0,1,0,0,0,0,0,0,0,
0
0,0,0,0,0,0,0,0,0,0,0,0,0,0,0,0,0,0,1,0,1,0,1,0,1,3,1,0,1,0,0,0,0,0,1,0,1,3,1,0,1,0,1,0,1,0,0,0,1,0,1,0,1,0,0,0,0,0,1,5,1,0,0,0,1,0,1,0,1,4,0,0,0,0,1,0,1,0,0,0,0,0,0,0,0,0,1,4,1,0,1,3,1,0,0,0,0,0,0,0,0,0,1,0,1,0,1,0,1,0,0,0,0,0,0,0,0,0,1,0,1,0,0,0,0,0,0,0,
13
7
0
0,0,0,0,1,0,1,0,1,0,1,0,0,0,0,0,0,0,0,0,1,3,1,0,1,0,1,0,0,0,0,0,1,0,1,0,1,6,1,0,1,0,1,0,0,0,0,0,1,0,1,0,1,0,1,0,1,3,1,0,0,0,0,0,1,0,1,0,1,3,1,0,1,0,1,4,0,0,0,0,1,0,1,0,1,6,1,0,1,0,1,0,0,0,0,0,0,0,0,0,1,0,1,0,1,0,1,0,0,0,0,0,0,0,0,0,1,0,1,0,1,0,1,0,0,0,0,0,
0
0,0,0,0,0,0,1,0,1,0,0,0,0,0,0,0,0,0,0,0,0,0,1,0,1,0,0,0,0,0,0,0,0,0,0,0,0,0,1,6,1,3,0,0,0,0,0,0,1,0,1,3,1,0,1,0,1,0,1,4,0,0,0,0,1,0,1,0,1,0,1,3,1,0,1,4,0,0,0,0,0,0,0,0,0,0,1,6,1,0,0,0,0,0,0,0,0,0,0,0,0,0,1,0,1,0,0,0,0,0,0,0,0,0,0,0,0,0,1,0,1,0,0,0,0,0,0,0,
0
0,0,0,0,0,0,1,0,1,0,0,0,0,0,0,0,0,0,0,0,0,0,1,3,1,0,0,0,0,0,0,0,0,0,0,0,0,0,1,0,1,0,1,0,1,4,0,0,1,0,1,0,1,0,1,0,1,0,1,3,1,0,0,0,1,0,1,0,1,0,1,3,1,0,1,5,1,0,0,0,0,0,0,0,0,0,1,0,1,0,1,0,1,4,0,0,0,0,0,0,0,0,1,0,1,0,0,0,0,0,0,0,0,0,0,0,0,0,1,0,1,0,0,0,0,0,0,0,
0
0,0,1,0,1,0,1,0,1,0,0,0,0,0,0,0,0,0,1,0,1,0,1,0,1,0,0,0,0,0,0,0,0,0,0,0,0,0,1,0,1,3,0,0,0,0,0,0,1,0,1,4,0,0,1,5,1,0,0,0,0,0,0,0,1,0,1,0,0,0,1,0,1,3,0,0,0,0,0,0,1,0,1,0,1,0,1,0,1,0,0,0,0,0,0,0,1,0,1,0,1,3,1,0,1,0,0,0,0,0,0,0,0,0,0,0,0,0,1,0,1,0,0,0,0,0,0,0,
0
0,0,1,0,1,0,1,0,1,0,1,0,1,0,0,0,1,0,1,0,1,0,1,3,1,0,1,0,1,0,0,0,1,0,1,0,0,0,1,6,1,4,1,0,1,0,0,0,1,0,1,0,1,0,1,0,0,0,1,0,1,0,0,0,1,0,1,3,1,0,1,0,0,0,1,0,1,0,0,0,1,0,1,0,0,0,1,6,1,4,1,0,1,0,0,0,1,0,1,0,1,0,1,0,1,0,1,0,1,0,0,0,0,0,1,0,1,0,1,3,1,0,1,0,1,0,0,0,
0
0,0,0,0,0,0,1,0,1,0,1,0,1,0,0,0,0,0,0,0,1,0,1,0,1,3,1,0,1,0,0,0,0,0,0,0,1,0,0,0,0,0,1,0,1,0,0,0,1,0,1,0,1,0,1,4,0,0,1,5,1,0,0,0,1,0,1,0,1,3,1,0,0,0,1,0,1,0,0,0,0,0,1,0,1,0,0,0,0,0,1,0,1,0,0,0,0,0,1,0,1,0,1,3,1,0,1,0,1,0,0,0,0,0,0,0,0,0,1,0,1,0,0,0,0,0,0,0,
0
0,0,0,0,0,0,1,0,1,0,0,0,0,0,0,0,0,0,0,0,0,0,1,0,1,0,0,0,0,0,0,0,0,0,0,0,0,0,1,0,1,3,0,0,0,0,0,0,1,0,1,0,1,0,1,3,1,0,1,4,1,4,0,0,1,0,1,0,1,5,1,0,1,0,1,0,1,0,0,0,0,0,0,0,0,0,0,0,0,0,1,0,1,0,0,0,0,0,0,0,0,0,1,3,1,0,1,0,1,0,0,0,0,0,0,0,0,0,1,0,1,0,1,3,1,0,0,0,
14
7
0
0,0,0,0,0,0,0,0,0,0,0,0,0,0,0,0,0,0,0,0,0,0,0,0,0,0,0,0,0,0,0,0,1,0,1,0,1,0,1,0,1,0,1,3,1,0,1,0,1,0,1,0,1,4,1,0,1,0,1,4,1,0,1,0,1,0,1,0,1,0,1,3,1,0,1,0,1,0,1,0,1,0,1,0,1,0,1,5,1,3,1,0,1,0,1,0,0,0,0,0,1,0,1,0,1,0,1,0,0,0,0,0,0,0,0,0,1,0,1,0,1,0,1,0,0,0,0,0,
0
0,0,0,0,0,0,0,0,0,0,0,0,0,0,0,0,0,0,0,0,0,0,0,0,0,0,0,0,0,0,0,0,0,0,0,0,0,0,0,0,0,0,0,0,0,0,0,0,1,0,1,0,1,0,1,3,1,4,1,0,1,0,1,0,1,0,1,0,1,6,1,0,1,0,1,3,1,0,1,0,0,0,0,0,0,0,1,0,1,3,0,0,0,0,0,0,0,0,0,0,0,0,1,0,1,6,0,0,0,0,0,0,0,0,0,0,0,0,1,0,1,0,0,0,0,0,0,0,
0
0,0,0,0,0,0,0,0,0,0,0,0,0,0,0,0,0,0,0,0,0,0,0,0,0,0,0,0,0,0,0,0,0,0,0,0,0,0,0,0,0,0,0,0,0,0,0,0,1,0,1,0,1,0,1,3,1,0,1,4,1,0,1,0,1,0,1,0,1,4,1,0,1,0,1,3,1,0,1,0,0,0,1,6,1,0,1,0,1,0,1,0,1,6,0,0,0,0,1,0,1,0,1,3,1,0,1,0,1,0,0,0,0,0,1,0,1,0,1,0,1,0,1,0,1,0,0,0,
0
0,0,0,0,0,0,0,0,0,0,0,0,0,0,0,0,0,0,0,0,0,0,0,0,0,0,0,0,0,0,0,0,0,0,0,0,0,0,0,0,0,0,0,0,0,0,0,0,1,0,1,0,1,4,0,0,0,0,1,4,1,0,1,0,1,0,1,0,1,6,0,0,0,0,1,0,1,0,1,0,0,0,1,3,1,0,0,0,0,0,1,0,1,0,0,0,0,0,1,0,1,3,1,0,1,0,1,3,1,0,0,0,0,0,1,0,1,0,1,0,1,0,1,0,1,6,0,0,
0
0,0,0,0,0,0,0,0,0,0,0,0,0,0,0,0,0,0,0,0,1,4,1,4,1,0,0,0,0,0,0,0,0,0,0,0,1,0,1,0,1,6,0,0,0,0,0,0,1,0,1,3,1,0,1,0,1,3,1,0,1,0,1,0,1,0,1,0,1,0,1,3,1,0,1,0,1,0,1,0,0,0,0,0,1,6,1,0,1,0,0,0,0,0,0,0,0,0,0,0,1,0,1,0,1,0,0,0,0,0,0,0,0,0,0,0,0,0,0,0,1,0,0,0,0,0,0,0,
0
0,0,1,0,1,0,1,0,1,0,1,0,1,0,0,0,0,0,1,0,1,0,1,0,1,0,1,0,1,0,0,0,1,0,1,0,1,3,0,0,0,0,1,3,1,0,1,0,1,0,0,0,1,0,0,0,0,0,1,0,0,0,1,0,1,0,0,0,1,0,1,4,1,4,1,0,0,0,1,0,1,0,1,6,1,3,1,0,1,0,1,3,1,6,1,0,1,0,1,0,1,0,1,3,1,0,1,0,1,0,1,0,0,0,0,0,1,0,1,0,1,0,1,0,0,0,0,0,
0
0,0,0,0,0,0,0,0,0,0,0,0,0,0,0,0,0,0,1,0,1,4,1,0,1,0,0,0,0,0,0,0,0,0,1,0,1,6,1,3,1,0,0,0,0,0,0,0,1,0,1,0,0,0,1,0,1,0,0,0,1,0,1,0,1,0,1,0,0,0,1,3,1,0,0,0,1,0,1,0,0,0,0,0,0,0,1,0,1,0,1,4,1,0,0,0,0,0,0,0,0,0,1,0,1,3,1,6,1,0,0,0,0,0,0,0,0,0,1,0,1,0,0,0,0,0,0,0,
