1
0
1
3
0
0,0,1,0,1,0,1,0,1,0,1,0,1,0,0,0,0,0,1,0,1,0,1,3,1,0,1,3,1,0,0,0,0,0,0,0,1,0,1,0,1,0,1,0,1,0,0,0,0,0,0,0,1,0,1,5,1,3,0,0,0,0,0,0,0,0,0,0,1,0,1,0,1,0,1,4,0,0,0,0,0,0,0,0,0,0,1,0,1,0,0,0,0,0,0,0,0,0,0,0,0,0,1,0,0,0,0,0,0,0,0,0,0,0,0,0,0,0,0,0,0,0,0,0,0,0,0,0,
0
1,0,1,0,1,0,1,0,1,0,1,0,1,0,0,0,1,0,1,3,1,0,1,0,0,0,1,0,1,0,0,0,1,0,1,0,1,5,1,0,1,4,1,3,1,0,0,0,0,0,1,0,1,4,1,0,1,0,1,0,0,0,0,0,0,0,0,0,1,0,1,0,1,3,1,6,1,0,0,0,0,0,0,0,1,0,1,0,1,0,1,0,1,0,0,0,0,0,0,0,0,0,0,0,0,0,0,0,0,0,0,0,0,0,0,0,0,0,0,0,0,0,0,0,0,0,0,0,
0
1,0,1,0,1,0,1,0,1,0,1,0,1,0,1,0,1,0,1,0,1,3,1,0,1,0,0,0,1,0,1,0,0,0,1,4,1,0,1,0,1,0,1,0,1,0,1,0,0,0,1,0,1,0,0,0,1,0,1,5,1,0,0,0,0,0,1,6,1,3,1,0,1,3,1,0,0,0,0,0,0,0,1,0,1,0,1,0,1,0,1,0,0,0,0,0,0,0,0,0,0,0,1,0,1,0,1,0,0,0,0,0,0,0,0,0,0,0,0,0,0,0,0,0,0,0,0,0,
2
5
0
0,0,0,0,0,0,0,0,1,0,1,0,1,0,0,0,0,0,0,0,1,0,1,0,1,0,1,6,1,0,1,0,0,0,1,0,1,0,1,3,1,0,1,0,1,0,1,0,1,0,1,0,1,4,1,0,1,0,1,0,1,0,1,0,0,0,1,0,1,0,1,3,1,0,1,0,1,3,1,0,0,0,1,0,1,0,1,5,1,0,1,0,1,0,1,0,0,0,1,0,1,0,1,0,1,0,1,0,1,0,1,0,0,0,0,0,0,0,0,0,0,0,1,0,1,0,1,0,
0
0,0,0,0,0,0,0,0,1,0,1,0,0,0,0,0,0,0,0,0,1,0,1,0,0,0,1,0,1,0,1,0,1,0,1,0,1,0,1,0,1,4,1,3,1,0,1,0,0,0,1,0,1,0,1,5,1,0,1,0,0,0,1,0,0,0,0,0,1,0,1,0,1,0,1,3,1,0,1,0,0,0,0,0,1,0,1,3,1,0,1,0,1,0,1,0,0,0,1,0,1,0,1,0,1,0,1,0,1,6,1,0,0,0,0,0,0,0,0,0,0,0,0,0,1,0,1,0,
0
0,0,0,0,0,0,0,0,1,0,1,0,1,0,1,0,0,0,0,0,0,0,0,0,1,0,1,0,1,0,0,0,0,0,0,0,1,4,1,0,1,0,1,0,1,0,1,0,1,6,1,0,1,0,1,0,1,3,1,0,1,0,1,0,0,0,1,0,1,0,1,0,1,5,1,0,1,0,0,0,0,0,0,0,1,3,1,0,1,0,1,0,1,0,1,0,0,0,0,0,1,0,1,0,1,0,1,3,1,0,1,0,0,0,0,0,0,0,0,0,0,0,1,0,1,0,0,0,
0
0,0,0,0,0,0,0,0,0,0,0,0,0,0,0,0,0,0,0,0,0,0,0,0,0,0,0,0,1,0,1,0,0,0,1,0,1,3,1,0,1,4,1,0,1,0,1,0,0,0,1,0,1,0,1,5,1,0,1,3,1,0,1,0,0,0,0,0,1,0,1,0,1,0,1,3,1,0,1,0,0,0,0,0,0,0,0,0,1,0,1,0,1,0,1,0,0,0,0,0,0,0,0,0,0,0,0,0,1,0,0,0,0,0,0,0,0,0,0,0,0,0,0,0,0,0,0,0,
0
0,0,0,0,0,0,0,0,0,0,0,0,0,0,0,0,0,0,0,0,0,0,0,0,0,0,0,0,0,0,1,0,0,0,0,0,0,0,1,4,1,0,1,0,1,3,1,0,0,0,0,0,1,0,1,0,1,0,1,5,1,0,1,0,0,0,0,0,1,0,1,0,1,3,1,0,1,3,1,0,0,0,0,0,0,0,0,0,0,0,1,0,1,0,1,0,0,0,0,0,0,0,0,0,0,0,0,0,0,0,1,0,0,0,0,0,0,0,0,0,0,0,0,0,0,0,0,0,
3
4
0
0,0,0,0,1,0,1,0,1,0,1,0,1,0,1,0,0,0,0,0,1,0,1,6,1,0,1,0,1,0,1,0,0,0,1,0,1,0,1,0,1,3,1,0,1,0,1,0,0,0,0,0,1,3,1,4,1,0,1,0,1,3,1,0,0,0,0,0,1,0,1,0,1,0,1,5,1,0,1,0,0,0,0,0,0,0,0,0,1,0,1,0,1,0,0,0,0,0,0,0,0,0,0,0,1,0,1,0,0,0,0,0,0,0,0,0,0,0,0,0,0,0,0,0,0,0,0,0,
0
0,0,0,0,0,0,1,0,1,0,1,0,1,0,1,0,0,0,0,0,1,0,1,0,1,0,0,0,1,0,1,0,0,0,1,0,1,0,1,3,1,5,1,0,1,0,1,0,0,0,0,0,1,0,1,0,1,0,1,0,1,3,1,0,0,0,0,0,1,0,0,0,1,0,1,3,1,0,1,0,0,0,0,0,1,0,1,4,1,6,1,0,1,0,1,0,0,0,0,0,1,0,1,0,1,0,0,0,0,0,0,0,0,0,0,0,0,0,0,0,0,0,0,0,0,0,0,0,
0
0,0,0,0,0,0,1,0,1,0,1,0,1,0,1,0,0,0,0,0,1,4,1,0,1,0,1,0,1,6,1,0,0,0,1,6,1,0,1,0,1,0,1,0,1,0,1,3,1,0,1,0,1,0,1,3,1,0,1,0,1,0,1,0,1,0,1,0,1,0,1,0,1,0,1,0,1,0,0,0,1,0,1,3,1,0,1,0,1,5,1,0,1,0,0,0,0,0,1,0,1,0,1,0,1,0,1,0,1,0,1,0,0,0,1,0,1,0,1,0,1,0,0,0,0,0,0,0,
0
0,0,0,0,1,0,1,0,1,0,0,0,1,0,0,0,0,0,0,0,1,6,1,0,1,0,1,0,1,6,0,0,0,0,0,0,1,0,1,3,1,0,1,0,1,0,1,0,0,0,1,0,1,0,1,0,1,0,1,3,1,0,1,0,0,0,1,0,1,3,1,0,0,0,1,0,0,0,1,0,0,0,1,0,1,0,1,5,1,4,1,0,0,0,1,0,0,0,0,0,1,0,1,0,1,0,1,0,1,0,1,0,0,0,0,0,0,0,0,0,1,0,1,0,1,0,0,0,
4
5
0
0,0,0,0,0,0,0,0,0,0,0,0,0,0,0,0,0,0,0,0,0,0,0,0,0,0,0,0,0,0,0,0,0,0,0,0,1,0,1,0,1,0,1,0,0,0,0,0,0,0,0,0,1,0,1,3,1,0,1,0,0,0,0,0,0,0,0,0,1,0,1,0,1,5,1,0,0,0,0,0,0,0,1,4,1,3,1,0,1,0,1,3,1,0,0,0,0,0,1,0,1,0,1,0,1,0,1,0,1,0,0,0,0,0,0,0,1,0,0,0,1,0,1,0,1,0,0,0,
0
0,0,0,0,0,0,0,0,0,0,0,0,0,0,0,0,0,0,0,0,1,0,1,0,1,0,1,0,0,0,0,0,0,0,0,0,1,0,0,0,1,6,1,0,0,0,0,0,0,0,1,0,1,0,0,0,1,0,1,0,0,0,0,0,0,0,1,0,1,3,1,4,1,0,1,3,0,0,0,0,0,0,1,0,1,0,1,0,1,0,1,0,1,0,0,0,0,0,1,0,1,3,1,0,1,5,1,0,1,0,0,0,0,0,1,0,1,0,1,0,1,0,1,0,1,0,0,0,
0
0,0,0,0,0,0,1,0,1,0,0,0,0,0,0,0,0,0,0,0,1,0,1,0,1,0,1,0,0,0,0,0,0,0,0,0,1,0,1,5,1,0,0,0,0,0,0,0,0,0,0,0,1,0,1,3,1,0,1,4,0,0,0,0,0,0,0,0,1,0,1,0,1,0,1,0,1,0,0,0,0,0,0,0,1,3,1,0,0,0,1,0,1,0,0,0,0,0,0,0,1,0,1,0,1,6,1,3,1,0,0,0,0,0,0,0,1,0,1,0,1,0,1,0,1,0,0,0,
0
0,0,0,0,0,0,0,0,0,0,0,0,0,0,0,0,0,0,0,0,0,0,0,0,0,0,0,0,0,0,0,0,0,0,0,0,0,0,1,0,1,0,0,0,0,0,0,0,0,0,0,0,1,4,1,0,1,3,1,0,0,0,0,0,0,0,0,0,1,0,1,0,1,5,1,0,0,0,0,0,0,0,1,0,1,3,1,0,1,0,1,0,0,0,0,0,1,0,1,0,1,0,1,0,1,0,1,3,1,0,0,0,1,0,1,0,1,0,1,0,1,0,1,0,1,0,1,0,
0
0,0,0,0,0,0,0,0,0,0,0,0,0,0,0,0,0,0,0,0,0,0,0,0,1,0,0,0,0,0,0,0,0,0,0,0,0,0,1,6,1,0,0,0,0,0,0,0,0,0,0,0,1,0,1,0,0,0,0,0,0,0,0,0,0,0,0,0,1,0,1,3,1,4,0,0,0,0,0,0,0,0,0,0,1,0,1,5,1,0,0,0,0,0,0,0,0,0,1,0,1,3,1,0,1,0,1,3,1,0,0,0,1,0,1,0,1,0,1,0,1,0,1,0,1,0,0,0,
5
6
0
0,0,0,0,1,0,1,0,1,0,1,0,0,0,0,0,0,0,1,0,1,0,1,0,1,0,1,0,0,0,0,0,0,0,1,0,1,3,1,0,1,0,1,0,0,0,0,0,0,0,1,0,1,0,1,0,1,5,1,3,1,0,0,0,0,0,1,0,1,0,1,0,1,0,1,0,1,0,0,0,0,0,0,0,1,0,1,0,1,3,1,0,0,0,0,0,0,0,0,0,1,0,1,6,1,0,1,0,1,4,0,0,0,0,0,0,1,0,1,0,1,0,1,0,0,0,0,0,
0
0,0,0,0,0,0,1,0,1,0,1,0,0,0,0,0,0,0,0,0,1,0,1,0,1,0,1,0,0,0,0,0,0,0,0,0,1,4,1,0,1,5,1,0,0,0,0,0,0,0,0,0,0,0,1,3,1,0,1,3,1,0,0,0,0,0,0,0,0,0,1,0,1,0,1,0,1,6,0,0,0,0,0,0,0,0,1,0,1,3,0,0,0,0,0,0,0,0,0,0,0,0,1,0,1,0,1,0,0,0,0,0,0,0,0,0,1,0,1,0,1,0,1,0,0,0,0,0,
0
0,0,1,0,1,0,1,0,1,0,1,0,0,0,0,0,0,0,1,0,1,0,0,0,1,0,1,0,0,0,0,0,0,0,1,0,1,0,1,4,1,0,1,6,1,0,0,0,0,0,1,0,1,0,1,0,1,3,1,0,1,0,1,0,0,0,1,0,1,5,1,0,1,0,1,3,1,0,1,0,0,0,1,0,1,3,1,0,1,0,1,0,0,0,0,0,0,0,0,0,1,0,1,0,1,6,1,0,0,0,0,0,0,0,1,0,1,0,1,0,1,0,1,0,0,0,0,0,
0
0,0,0,0,0,0,1,0,1,0,0,0,0,0,0,0,0,0,0,0,1,4,1,6,1,0,1,0,0,0,0,0,0,0,0,0,1,0,1,0,0,0,1,3,1,0,0,0,0,0,1,0,1,0,0,0,0,0,1,6,1,0,0,0,0,0,1,0,1,6,0,0,0,0,1,0,1,0,0,0,0,0,1,0,1,3,0,0,0,0,1,0,1,0,0,0,0,0,0,0,1,0,1,0,1,0,1,3,0,0,0,0,0,0,0,0,0,0,1,0,1,0,0,0,0,0,0,0,
0
0,0,0,0,0,0,1,0,1,0,0,0,0,0,0,0,0,0,0,0,1,6,1,0,1,0,1,0,0,0,0,0,0,0,1,0,1,0,1,3,1,0,1,0,0,0,0,0,0,0,1,0,1,0,0,0,1,0,1,0,0,0,0,0,0,0,0,0,1,0,1,0,1,5,1,3,0,0,0,0,0,0,1,4,1,3,1,0,1,0,1,0,0,0,0,0,0,0,0,0,1,0,1,6,0,0,1,0,0,0,0,0,0,0,0,0,0,0,1,0,1,0,1,0,0,0,0,0,
0
1,0,1,0,1,0,1,0,0,0,0,0,1,0,0,0,1,0,0,0,1,3,1,0,1,0,1,0,1,6,1,0,1,0,1,0,1,0,0,0,0,0,1,0,1,0,1,0,1,0,1,0,1,0,1,4,0,0,1,0,0,0,1,0,1,0,1,0,1,5,1,0,0,0,1,0,1,3,1,0,1,0,1,3,1,0,1,0,1,0,1,0,1,0,1,0,1,0,1,0,1,0,1,0,1,0,1,0,1,0,0,0,1,0,1,0,1,0,1,0,1,0,1,0,1,0,1,0,
6
5
0
0,0,1,0,1,0,1,0,0,0,0,0,0,0,0,0,0,0,1,0,1,6,1,0,1,0,1,0,1,0,1,0,0,0,1,0,1,3,1,0,1,0,1,0,1,3,1,0,1,4,1,0,1,0,1,0,0,0,0,0,1,0,1,0,0,0,1,0,0,0,1,0,1,0,1,0,1,0,1,0,0,0,1,0,1,0,1,0,1,5,1,0,1,0,1,0,1,0,1,0,1,0,1,3,1,0,1,0,1,6,0,0,0,0,0,0,1,0,1,0,1,0,1,0,0,0,0,0,
0
0,0,0,0,0,0,0,0,0,0,0,0,0,0,0,0,0,0,0,0,0,0,0,0,0,0,0,0,0,0,0,0,0,0,0,0,0,0,0,0,0,0,0,0,1,0,1,0,0,0,0,0,0,0,0,0,1,0,1,0,1,6,1,0,0,0,1,0,1,0,1,0,1,4,1,0,1,3,1,0,0,0,1,0,1,0,1,0,1,0,1,5,1,0,1,0,0,0,0,0,1,3,1,6,1,0,1,3,1,0,1,0,0,0,0,0,1,0,1,0,1,0,1,0,1,0,1,0,
0
0,0,0,0,0,0,0,0,0,0,0,0,0,0,0,0,0,0,0,0,0,0,0,0,1,0,1,0,0,0,0,0,0,0,0,0,0,0,1,4,1,0,1,5,1,0,0,0,0,0,0,0,0,0,1,0,1,3,1,0,1,0,1,0,0,0,0,0,1,0,1,0,1,0,1,0,1,3,1,0,0,0,0,0,1,0,1,6,1,3,1,0,1,0,1,0,0,0,0,0,1,0,1,0,1,0,1,0,0,0,0,0,0,0,0,0,1,0,1,0,1,0,0,0,0,0,0,0,
0
0,0,0,0,0,0,0,0,0,0,0,0,0,0,0,0,0,0,0,0,1,0,1,0,1,0,0,0,0,0,0,0,0,0,0,0,1,0,1,5,1,0,1,4,0,0,0,0,1,0,1,0,1,3,1,0,1,0,1,0,1,0,1,0,1,0,1,0,1,0,1,0,1,0,1,3,1,0,1,0,0,0,1,0,1,3,1,0,0,0,1,0,1,0,1,0,0,0,0,0,1,0,1,6,1,0,1,0,1,0,0,0,0,0,0,0,1,0,1,0,1,0,1,0,0,0,0,0,
0
0,0,0,0,1,0,1,0,1,0,0,0,0,0,0,0,0,0,0,0,1,0,1,0,1,0,1,0,1,6,0,0,0,0,1,0,1,0,1,0,1,0,1,0,1,0,1,0,0,0,1,0,1,0,1,3,1,0,1,3,1,0,1,0,0,0,0,0,1,6,1,0,1,0,1,0,1,0,1,0,0,0,0,0,1,0,1,0,1,0,1,5,1,0,0,0,0,0,0,0,1,0,0,0,1,3,1,0,1,0,1,4,0,0,0,0,1,0,1,0,1,0,1,0,0,0,0,0,
7
5
0
0,0,0,0,1,0,1,0,1,0,0,0,0,0,0,0,0,0,0,0,1,0,1,6,1,0,1,4,0,0,0,0,0,0,1,0,1,0,1,0,1,0,0,0,0,0,0,0,0,0,1,0,1,0,1,3,1,0,1,0,1,0,1,0,0,0,1,0,1,0,1,5,1,0,1,0,1,6,1,0,0,0,1,0,1,3,1,0,1,0,1,3,1,0,1,0,0,0,0,0,0,0,1,0,1,0,1,0,0,0,0,0,0,0,0,0,1,0,1,0,1,0,0,0,0,0,0,0,
0
0,0,1,0,1,0,1,0,1,0,1,0,0,0,0,0,0,0,1,0,1,0,0,0,1,0,1,0,1,0,0,0,1,0,1,0,1,6,0,0,1,3,1,0,1,0,0,0,1,0,1,0,1,0,1,0,1,5,1,0,1,0,1,0,1,0,1,0,1,3,1,0,1,0,1,0,1,3,1,0,0,0,1,4,1,0,1,0,1,0,1,0,1,0,1,0,0,0,0,0,1,0,1,0,1,0,1,0,0,0,1,0,0,0,0,0,1,0,1,0,1,0,1,0,0,0,0,0,
0
0,0,0,0,0,0,1,0,1,0,1,0,0,0,0,0,0,0,0,0,1,4,1,0,1,0,1,0,1,0,1,0,0,0,1,0,1,0,1,0,1,3,1,0,1,0,1,0,0,0,1,0,1,0,1,5,1,0,1,0,1,6,1,0,1,0,1,0,1,3,1,0,1,0,1,0,1,0,1,0,1,0,1,0,1,0,1,0,1,3,1,0,1,0,1,0,0,0,1,0,1,6,1,0,1,0,1,0,1,0,1,0,0,0,0,0,1,0,1,0,1,0,1,0,1,0,0,0,
0
0,0,0,0,1,0,1,0,1,0,1,0,0,0,0,0,0,0,0,0,1,0,1,6,1,0,1,0,0,0,0,0,0,0,0,0,1,0,1,0,1,0,1,4,1,0,1,0,0,0,1,0,1,0,1,0,1,0,1,3,1,0,1,0,0,0,1,0,1,5,1,3,1,0,1,0,1,6,1,0,0,0,1,0,1,0,1,0,1,0,1,0,1,0,1,0,0,0,1,0,1,0,1,0,1,3,1,0,1,0,0,0,0,0,0,0,1,0,1,0,1,0,1,0,0,0,0,0,
0
0,0,0,0,0,0,1,0,1,0,1,0,0,0,0,0,0,0,1,0,1,0,1,0,1,0,1,0,1,0,0,0,0,0,1,0,1,3,1,5,1,0,1,0,1,0,1,0,1,0,1,0,1,0,1,0,1,0,1,3,1,0,1,0,0,0,1,4,1,0,1,0,1,0,1,0,1,0,1,0,0,0,1,0,1,0,1,3,1,0,1,0,1,0,1,0,0,0,1,0,1,0,1,0,1,6,1,0,1,0,0,0,0,0,0,0,1,0,1,0,1,0,1,0,1,0,0,0,
8
5
0
0,0,0,0,0,0,0,0,0,0,0,0,0,0,0,0,1,0,1,0,1,0,1,0,0,0,0,0,0,0,0,0,1,0,1,0,1,0,1,0,1,4,0,0,0,0,0,0,1,0,1,3,1,5,1,3,1,0,1,0,1,0,0,0,1,0,1,0,1,0,1,0,1,0,1,0,1,0,0,0,1,0,1,0,1,0,1,3,1,0,1,0,0,0,0,0,1,0,1,0,1,0,1,0,1,0,1,0,0,0,0,0,0,0,1,0,0,0,1,0,1,0,0,0,0,0,0,0,
0
0,0,0,0,0,0,0,0,0,0,0,0,0,0,0,0,0,0,0,0,1,0,1,4,1,0,1,0,1,0,0,0,1,0,1,0,1,0,1,3,1,0,1,0,1,0,1,0,1,0,1,0,1,0,1,5,1,0,1,0,1,0,1,0,1,0,1,3,1,0,1,0,1,3,1,0,1,0,0,0,1,0,1,0,1,0,1,0,1,0,1,0,0,0,0,0,0,0,0,0,1,0,1,0,1,6,1,0,0,0,0,0,0,0,0,0,0,0,0,0,0,0,0,0,0,0,0,0,
0
0,0,0,0,1,0,1,0,0,0,0,0,0,0,0,0,0,0,1,4,1,0,1,0,1,0,1,0,0,0,0,0,0,0,1,0,1,6,1,0,1,3,1,0,0,0,0,0,1,0,1,0,0,0,1,0,1,0,1,0,1,0,0,0,1,0,1,0,1,3,1,0,1,0,1,3,1,0,0,0,1,0,1,0,1,0,1,0,1,5,1,0,1,0,0,0,0,0,0,0,1,0,1,0,1,0,1,0,0,0,0,0,0,0,0,0,0,0,1,0,1,0,0,0,0,0,0,0,
0
1,0,0,0,0,0,0,0,0,0,0,0,0,0,0,0,1,0,1,0,1,4,0,0,0,0,0,0,0,0,0,0,1,3,1,0,1,0,1,3,1,0,0,0,0,0,0,0,1,0,1,0,1,0,1,5,1,0,1,0,0,0,0,0,1,0,1,0,1,3,1,0,1,0,1,0,1,0,0,0,1,0,1,0,1,0,1,0,0,0,0,0,0,0,0,0,1,0,1,0,0,0,0,0,0,0,0,0,0,0,0,0,0,0,0,0,0,0,0,0,0,0,0,0,0,0,0,0,
0
0,0,0,0,0,0,1,0,1,3,0,0,0,0,0,0,0,0,1,4,1,0,1,0,0,0,0,0,0,0,0,0,1,0,1,0,1,0,1,0,1,0,1,0,0,0,0,0,1,0,1,0,0,0,1,0,1,0,1,6,1,0,1,0,1,0,1,0,1,3,1,5,1,0,1,0,1,0,1,0,1,0,1,0,1,0,1,0,1,3,1,0,1,0,0,0,0,0,0,0,1,0,1,0,1,0,1,0,0,0,0,0,0,0,0,0,0,0,1,0,1,0,1,0,0,0,0,0,
9
4
0
0,0,0,0,1,0,0,0,1,0,1,0,0,0,0,0,0,0,1,4,1,0,1,3,1,0,1,0,0,0,0,0,1,0,1,6,1,0,1,0,1,0,1,0,0,0,0,0,1,0,1,0,1,3,1,5,1,0,1,0,0,0,0,0,1,0,1,0,1,0,1,0,1,3,0,0,0,0,0,0,1,0,0,0,0,0,0,0,0,0,0,0,0,0,0,0,0,0,0,0,0,0,0,0,0,0,0,0,0,0,0,0,0,0,0,0,0,0,0,0,0,0,0,0,0,0,0,0,
0
1,6,1,0,0,0,0,0,1,0,1,0,0,0,0,0,1,0,1,0,0,0,1,4,1,0,1,0,0,0,0,0,0,0,1,0,1,0,1,0,1,0,1,0,0,0,0,0,0,0,1,0,1,5,1,0,1,3,1,0,0,0,0,0,1,0,1,3,1,0,1,3,1,0,1,0,0,0,0,0,1,0,1,0,1,0,1,0,1,0,1,6,0,0,0,0,0,0,0,0,0,0,0,0,1,0,0,0,0,0,0,0,0,0,0,0,0,0,0,0,0,0,0,0,0,0,0,0,
0
0,0,0,0,1,0,1,0,1,0,1,0,0,0,0,0,0,0,0,0,1,0,1,0,1,0,1,0,0,0,0,0,0,0,1,6,1,0,1,0,1,0,1,3,1,0,0,0,1,0,1,0,1,0,1,0,1,5,1,0,1,0,0,0,1,0,1,0,1,3,1,0,1,0,1,0,1,0,0,0,1,0,1,0,1,0,1,0,1,3,1,4,0,0,0,0,0,0,1,0,1,0,1,0,1,6,1,0,0,0,0,0,0,0,0,0,1,0,1,0,1,0,0,0,0,0,0,0,
0
0,0,0,0,1,0,1,0,1,0,1,0,0,0,0,0,1,0,0,0,0,0,1,0,1,0,1,3,1,0,0,0,1,0,0,0,1,0,1,5,0,0,1,0,1,0,0,0,1,0,1,0,1,0,1,0,1,4,1,0,1,0,1,0,1,0,1,0,1,0,1,3,1,0,1,0,1,0,1,0,1,6,0,0,1,0,1,0,1,3,1,6,1,0,1,0,1,0,0,0,0,0,0,0,1,0,1,0,0,0,0,0,0,0,0,0,0,0,0,0,0,0,0,0,0,0,0,0,
10
6
0
0,0,1,0,1,0,1,0,1,0,0,0,0,0,0,0,0,0,1,0,1,0,1,0,1,0,1,0,0,0,0,0,0,0,1,0,1,3,1,0,1,0,1,0,1,0,1,0,1,0,1,6,1,0,1,0,1,0,1,5,1,0,1,0,1,0,1,0,0,0,0,0,1,0,1,0,1,3,1,0,1,0,1,0,1,4,1,0,1,0,1,0,1,0,1,0,0,0,0,0,1,0,1,3,1,0,1,0,1,0,0,0,0,0,0,0,0,0,0,0,0,0,0,0,0,0,0,0,
0
0,0,0,0,0,0,0,0,0,0,0,0,0,0,0,0,1,0,1,0,0,0,0,0,0,0,0,0,1,0,1,0,1,0,1,0,1,0,1,0,0,0,0,0,1,0,1,0,1,0,1,3,1,5,1,4,1,0,1,0,1,0,1,0,1,0,1,0,1,0,1,0,1,0,1,3,1,0,1,0,1,0,1,0,1,0,1,3,1,0,1,0,1,6,1,0,0,0,0,0,0,0,1,0,1,0,1,0,1,0,0,0,0,0,0,0,0,0,0,0,0,0,0,0,0,0,0,0,
0
0,0,0,0,0,0,0,0,0,0,0,0,0,0,0,0,0,0,0,0,0,0,0,0,1,4,0,0,0,0,0,0,0,0,1,0,1,3,1,0,1,0,1,0,0,0,0,0,1,0,1,0,1,0,0,0,1,0,1,6,1,0,1,0,1,0,1,5,1,0,0,0,1,0,1,3,1,0,1,0,1,0,1,0,1,0,0,0,0,0,1,0,1,0,1,0,1,0,1,0,1,3,1,0,1,0,1,0,1,0,0,0,0,0,0,0,0,0,0,0,0,0,0,0,0,0,0,0,
0
0,0,0,0,0,0,0,0,0,0,0,0,0,0,0,0,0,0,1,0,1,0,1,0,1,4,0,0,0,0,0,0,0,0,1,0,1,6,0,0,1,0,0,0,0,0,1,0,1,0,1,0,1,0,1,0,1,3,1,0,1,0,1,0,1,0,1,0,1,0,1,0,1,0,1,3,1,0,1,0,1,0,1,0,1,0,1,3,1,5,1,0,1,0,1,0,0,0,0,0,1,0,1,0,1,0,1,0,1,0,1,0,0,0,0,0,0,0,0,0,0,0,0,0,0,0,0,0,
0
0,0,0,0,0,0,0,0,0,0,0,0,0,0,0,0,0,0,0,0,1,4,0,0,0,0,0,0,0,0,0,0,1,0,1,0,1,0,1,0,1,6,1,3,1,0,1,0,1,0,0,0,0,0,0,0,1,0,1,0,1,0,1,0,1,0,1,0,0,0,0,0,1,0,1,3,1,0,1,0,1,0,1,6,1,0,1,0,1,0,1,0,1,0,1,0,0,0,0,0,0,0,0,0,1,3,1,0,1,0,0,0,0,0,0,0,0,0,0,0,0,0,0,0,0,0,0,0,
0
0,0,1,0,1,0,1,0,1,0,1,0,0,0,0,0,0,0,1,0,1,0,1,0,1,0,1,0,1,0,1,0,1,0,1,3,1,0,0,0,1,0,1,3,1,5,1,0,1,0,0,0,0,0,0,0,1,0,1,0,1,0,1,0,1,0,1,0,1,4,0,0,0,0,1,0,0,0,1,0,1,0,1,0,1,0,1,0,1,0,1,0,0,0,1,0,0,0,1,0,1,0,1,3,1,6,1,0,1,0,1,0,0,0,0,0,0,0,1,0,1,0,1,0,1,0,0,0,
11
5
0
0,0,1,0,1,0,1,0,1,0,1,0,0,0,0,0,1,0,1,0,1,0,1,3,1,0,1,0,0,0,0,0,1,0,1,0,1,6,1,0,1,0,1,0,1,0,1,0,0,0,1,4,1,0,1,0,1,3,1,0,1,0,1,0,1,0,1,0,1,0,1,0,1,0,1,0,1,0,1,0,1,0,1,0,1,3,1,5,1,0,1,0,1,0,1,0,0,0,1,0,1,0,1,0,1,0,0,0,0,0,0,0,0,0,0,0,0,0,0,0,0,0,0,0,0,0,0,0,
0
0,0,0,0,1,0,1,0,1,0,0,0,0,0,0,0,0,0,1,0,1,0,1,5,1,0,1,0,0,0,0,0,1,0,1,0,0,0,1,4,1,0,1,3,1,0,1,0,1,0,1,0,1,0,0,0,0,0,1,0,1,0,1,0,1,0,1,0,1,3,1,0,1,0,1,0,1,0,1,0,1,0,1,0,1,0,1,3,1,6,1,0,1,0,1,0,0,0,0,0,0,0,1,0,1,0,0,0,0,0,0,0,0,0,0,0,0,0,0,0,0,0,0,0,0,0,0,0,
0
0,0,0,0,1,0,1,0,1,0,1,0,0,0,0,0,0,0,0,0,0,0,0,0,1,0,1,6,0,0,0,0,0,0,0,0,0,0,1,4,1,3,1,0,0,0,0,0,1,0,0,0,1,0,1,0,1,0,1,3,1,6,1,0,1,0,1,0,1,0,0,0,0,0,0,0,1,0,1,0,1,0,1,6,1,0,1,0,1,0,1,0,1,0,1,0,1,0,1,3,1,0,1,0,0,0,0,0,0,0,0,0,0,0,0,0,0,0,0,0,0,0,0,0,0,0,0,0,
0
0,0,0,0,0,0,1,0,1,0,0,0,0,0,0,0,0,0,1,0,1,0,1,0,1,0,0,0,0,0,0,0,1,0,1,0,0,0,1,0,1,3,1,0,1,4,0,0,1,0,1,0,1,3,1,0,1,0,0,0,1,0,1,0,1,0,1,0,1,0,1,5,1,0,1,0,1,0,1,0,1,0,1,0,1,3,1,0,1,0,1,0,1,6,1,0,1,0,1,0,1,0,1,0,1,0,1,0,1,0,0,0,0,0,0,0,0,0,0,0,0,0,0,0,0,0,0,0,
0
0,0,0,0,1,0,1,0,1,0,1,0,0,0,0,0,0,0,1,6,1,0,1,0,1,3,1,0,0,0,0,0,1,0,1,3,1,0,1,0,1,0,1,0,1,0,0,0,1,0,1,0,1,0,0,0,1,0,1,5,1,0,1,0,1,0,1,0,1,0,1,4,1,0,1,0,1,0,1,0,1,0,0,0,1,0,1,3,0,0,1,0,1,0,1,0,0,0,0,0,1,0,1,0,1,0,1,0,0,0,0,0,0,0,0,0,0,0,0,0,0,0,0,0,0,0,0,0,
12
5
0
0,0,0,0,0,0,0,0,0,0,0,0,0,0,0,0,0,0,0,0,0,0,1,4,0,0,0,0,0,0,0,0,1,0,1,0,1,0,1,0,1,0,1,6,0,0,0,0,1,0,1,0,1,0,1,0,1,3,1,0,1,0,0,0,1,0,1,3,1,0,1,0,1,0,1,0,1,0,0,0,1,0,1,0,1,0,1,5,1,0,1,0,1,0,0,0,0,0,1,0,1,3,1,0,1,0,1,0,1,0,0,0,0,0,0,0,1,0,1,0,1,0,1,0,0,0,0,0,
0
0,0,0,0,0,0,0,0,0,0,0,0,0,0,0,0,0,0,0,0,0,0,0,0,0,0,0,0,0,0,0,0,1,0,1,0,0,0,0,0,0,0,0,0,0,0,0,0,1,0,1,6,1,0,0,0,0,0,0,0,0,0,0,0,1,0,1,3,1,0,1,4,0,0,0,0,0,0,0,0,1,0,1,0,1,3,1,0,1,0,1,3,0,0,0,0,0,0,1,0,1,0,1,6,1,0,1,0,0,0,0,0,0,0,0,0,0,0,1,0,1,0,1,0,0,0,0,0,
0
0,0,0,0,1,0,1,0,0,0,0,0,0,0,0,0,0,0,0,0,1,0,1,0,1,0,0,0,0,0,0,0,1,0,1,0,1,6,1,0,1,0,1,4,0,0,0,0,1,0,1,0,1,0,1,3,1,0,1,0,1,3,1,0,1,0,1,0,0,0,1,0,1,5,1,0,1,0,1,0,1,0,1,0,1,0,1,0,1,0,1,3,1,0,1,0,0,0,1,0,1,0,1,0,1,0,1,0,1,0,0,0,0,0,0,0,0,0,1,0,1,0,1,0,1,0,0,0,
0
0,0,0,0,0,0,0,0,0,0,0,0,0,0,0,0,0,0,0,0,1,0,1,4,0,0,0,0,0,0,0,0,1,0,1,0,1,0,1,0,1,0,0,0,0,0,0,0,1,0,1,3,1,0,1,5,1,0,1,0,1,0,0,0,1,0,1,0,1,0,1,0,1,3,1,0,1,0,0,0,1,0,1,0,1,0,1,0,1,0,1,0,1,0,0,0,0,0,1,0,1,0,1,0,1,3,1,6,1,0,0,0,0,0,1,0,1,0,1,0,1,0,1,0,1,0,0,0,
0
0,0,0,0,0,0,0,0,0,0,0,0,0,0,0,0,0,0,0,0,0,0,1,6,1,0,0,0,0,0,0,0,1,0,1,0,1,0,1,0,1,3,1,0,0,0,0,0,1,0,1,0,0,0,1,0,1,0,1,0,1,0,0,0,1,0,1,3,1,0,1,0,1,0,1,0,1,0,0,0,1,0,1,0,1,0,1,3,1,5,1,0,1,4,0,0,0,0,1,0,1,0,1,0,1,0,1,0,1,0,0,0,0,0,0,0,0,0,1,0,1,0,1,0,0,0,0,0,
13
5
0
0,0,0,0,0,0,1,0,1,0,1,0,0,0,0,0,0,0,0,0,1,4,1,0,1,0,1,6,1,0,0,0,0,0,1,0,1,0,1,0,1,3,1,0,1,0,0,0,1,0,1,0,1,0,1,0,1,0,1,0,1,0,0,0,1,0,1,0,1,0,1,5,1,0,1,3,1,0,0,0,1,0,1,0,1,0,1,3,1,0,1,0,1,0,0,0,0,0,1,0,1,0,1,0,1,0,1,0,1,0,0,0,0,0,0,0,1,0,1,0,1,0,1,0,0,0,0,0,
0
0,0,0,0,1,0,1,0,1,0,1,0,0,0,0,0,0,0,1,0,1,0,1,0,1,0,1,0,0,0,0,0,1,0,1,0,1,0,0,0,1,3,1,0,1,0,0,0,1,0,1,0,1,0,0,0,1,0,1,0,1,4,0,0,1,0,1,0,1,5,0,0,1,0,1,0,1,0,0,0,1,0,1,3,1,0,1,0,1,3,1,0,0,0,0,0,0,0,1,0,1,0,1,0,1,0,1,0,0,0,0,0,0,0,0,0,0,0,1,0,1,0,1,0,0,0,0,0,
0
0,0,0,0,0,0,1,0,1,0,1,0,0,0,0,0,0,0,0,0,1,4,1,0,1,6,1,0,0,0,0,0,1,0,1,0,1,0,0,0,1,0,1,0,0,0,0,0,1,0,1,3,1,0,0,0,1,0,1,0,0,0,0,0,0,0,1,0,1,0,1,0,1,3,1,0,1,0,0,0,0,0,0,0,1,0,1,0,1,5,1,0,0,0,0,0,0,0,0,0,1,0,1,0,1,3,1,0,0,0,0,0,0,0,0,0,1,0,1,0,1,0,1,0,0,0,0,0,
0
0,0,1,0,1,0,1,0,1,0,1,0,0,0,0,0,1,0,1,0,1,0,1,0,1,0,1,0,0,0,0,0,1,0,1,0,1,5,1,0,0,0,1,0,1,4,0,0,1,0,1,3,1,0,1,0,1,0,1,3,1,0,1,0,1,0,1,0,1,0,1,0,1,0,1,0,1,0,1,0,1,0,1,0,1,0,1,3,1,0,1,0,0,0,0,0,1,0,1,0,1,0,1,0,1,0,1,6,0,0,0,0,0,0,0,0,1,0,1,0,1,0,1,0,0,0,0,0,
0
0,0,0,0,1,0,1,0,1,0,0,0,0,0,0,0,0,0,1,0,1,0,1,0,1,0,1,0,0,0,0,0,1,0,1,0,1,3,1,0,1,0,1,5,1,0,1,0,1,0,1,0,0,0,0,0,1,0,1,0,1,0,1,0,1,0,0,0,0,0,0,0,1,0,1,0,1,3,1,0,1,0,1,4,0,0,0,0,1,0,1,0,1,0,1,0,0,0,1,0,1,0,1,3,1,6,1,0,1,0,0,0,0,0,0,0,1,0,1,0,1,0,1,0,0,0,0,0,
14
5
0
0,0,0,0,0,0,0,0,0,0,0,0,0,0,0,0,1,0,1,0,1,0,1,0,1,4,1,0,1,0,0,0,1,0,1,0,1,0,1,0,1,0,1,0,1,0,1,0,1,0,1,0,1,0,1,5,1,0,1,0,1,3,1,0,1,0,1,3,1,0,1,0,1,0,1,0,1,0,1,0,1,0,1,0,1,0,1,3,1,0,1,0,1,0,1,0,0,0,1,0,1,0,1,0,1,6,1,0,0,0,0,0,0,0,0,0,1,0,1,0,1,0,1,0,0,0,0,0,
0
0,0,0,0,0,0,0,0,0,0,0,0,0,0,0,0,0,0,0,0,1,0,0,0,1,0,1,0,0,0,0,0,1,0,1,0,1,4,1,0,1,3,1,0,1,0,1,0,1,0,1,0,1,0,1,0,1,0,1,5,1,3,1,0,1,0,1,0,0,0,1,3,1,0,1,0,1,0,1,0,1,0,1,0,1,6,0,0,1,0,1,0,1,0,0,0,1,0,1,0,1,0,1,0,1,0,1,0,0,0,0,0,0,0,0,0,1,0,1,0,1,0,1,0,0,0,0,0,
0
0,0,0,0,0,0,0,0,0,0,0,0,0,0,0,0,0,0,0,0,1,0,1,0,1,4,0,0,0,0,0,0,0,0,0,0,1,0,1,0,1,0,1,0,1,0,0,0,1,0,1,0,1,0,1,5,1,3,1,0,1,0,1,0,1,0,1,0,0,0,1,0,1,0,1,0,1,0,1,0,1,0,1,0,1,0,1,0,1,3,1,0,1,0,1,6,0,0,1,3,1,0,1,0,1,0,1,0,0,0,1,0,0,0,0,0,1,0,1,0,1,0,1,0,0,0,0,0,
0
0,0,0,0,0,0,0,0,0,0,0,0,0,0,0,0,0,0,0,0,0,0,1,0,1,4,1,0,0,0,0,0,1,0,1,0,1,0,1,3,1,0,1,0,1,6,0,0,1,0,1,0,0,0,0,0,1,0,1,3,1,0,0,0,1,0,1,0,1,0,0,0,0,0,1,0,1,0,1,0,1,0,1,5,1,3,1,0,0,0,1,0,1,0,1,0,1,0,1,0,1,0,1,0,1,0,1,0,0,0,0,0,0,0,1,0,1,0,1,0,1,0,0,0,0,0,0,0,
0
0,0,0,0,0,0,0,0,1,0,1,0,0,0,0,0,0,0,0,0,1,4,1,0,1,0,1,0,0,0,0,0,1,0,1,6,1,0,0,0,1,0,1,0,1,0,0,0,1,0,1,0,1,0,1,0,1,0,1,3,1,0,1,0,1,0,1,0,1,3,1,0,1,5,1,0,1,0,1,0,1,0,1,0,1,0,1,0,1,0,1,0,1,0,0,0,0,0,0,0,1,3,1,0,1,0,1,0,0,0,0,0,0,0,0,0,1,0,1,0,1,0,0,0,0,0,0,0,
